Gene	LA	SB	DS	DH
Unigene151513	0.0943666666666667	0	0	0
Unigene602000	0	0	0.508166666666667	0
Unigene593321	0	0	0.583433333333333	0
Unigene381705	0.002	1.7538	0	0
Unigene893995	0.0114666666666667	0.00856666666666667	0	3.9974
Unigene364084	0	2.97853333333333	0.0769	0
Unigene638498	0	0	8.47423333333333	0.0413333333333333
Unigene100854	0.591433333333333	0.0115	0.331333333333333	5.24463333333333
Unigene1143000	0	0	0	2.614
Unigene1124895	0	0	0.0302666666666667	15.4324666666667
Unigene971648	0	0	0	11.6425666666667
Unigene712748	0	0	5.3079	0
Unigene266659	0	1.65146666666667	0	0
Unigene921850	0.0023	0.0041	0	7.71413333333333
Unigene1261932	0	0	0	3.54003333333333
Unigene196104	0	2.43556666666667	0	0.0241
Unigene207145	0.0166	12.8117	0	4.2657
Unigene887731	0.0879333333333333	0.690233333333333	0	8.72333333333333
Unigene609083	0.0738666666666667	0	158.6535	0
Unigene1033686	0	0.0574666666666667	0.0339	27.6527
Unigene607485	0	0	0.494966666666667	0
Unigene19250	7.89736666666667	38.4781333333333	0	0.0086
Unigene441621	0.8449	1.32686666666667	0	0
Unigene37571	4.59783333333333	1.026	0	0
Unigene80598	1.21583333333333	1.56146666666667	1.63356666666667	0.0241666666666667
Unigene470913	0.3628	0.790233333333333	0.330366666666667	0.0093
Unigene13846	7.9247	1.31876666666667	9.89823333333333	11.3681333333333
Unigene1145796	0	0	0	1.78453333333333
Unigene614725	0	0	0.541	0
Unigene1172191	0	0	0.0057	10.6146666666667
Unigene1353135	0	0.0216333333333333	0	1.66273333333333
Unigene1126182	0	0	0	3.48783333333333
Unigene94352	0.356433333333333	0.0257	0.0306	0.0845333333333333
Unigene227940	0.223933333333333	0.635533333333333	0	0
Unigene133193	0.8168	0	0	0.362466666666667
Unigene1045130	0	0	0	1.93403333333333
Unigene1037914	0	0	0	1.79673333333333
Unigene347308	0	1.68436666666667	0	0
Unigene399017	0.0071	0.578066666666667	0	0
Unigene592116	0	0	0.564166666666667	0
Unigene914029	0	0.0017	0	5.98116666666667
Unigene445150	0	0.1787	0	0
Unigene908836	0	0	0.2173	9.68963333333333
Unigene592363	0	0	0.558233333333333	0
Unigene341597	0	5.3021	0	0
Unigene24375	6.86163333333333	0.961266666666667	9.41383333333333	10.3900333333333
Unigene159594	0.170066666666667	0	0.424833333333333	0.289766666666667
Unigene1355676	0	0.0088	0.0373333333333333	12.1381
Unigene627202	0	0.00296666666666667	2.8719	0
Unigene1251770	0	0	0.0350666666666667	11.9904333333333
Unigene127060	0.716866666666667	0.0156333333333333	0.0478	5.17016666666667
Unigene945502	0.00383333333333333	0.0725	0.267833333333333	21.0529333333333
Unigene1223976	0.00276666666666667	0	0	1.69986666666667
Unigene237678	0	2.84593333333333	0	0
Unigene762166	0.268666666666667	0.0015	6.73146666666667	0.765733333333333
Unigene983308	0	0	0	5.35693333333333
Unigene902938	0.0028	0.00296666666666667	0	4.99336666666667
Unigene987395	0	0	0	10.6646
Unigene984001	0	0	0.708266666666667	4.8757
Unigene1113422	10.3614666666667	1.66523333333333	11.3259	15.7938333333333
Unigene211608	0.0272333333333333	0.950966666666667	0	0
Unigene642723	0	0.003	8.2319	0.0109
Unigene970772	0.0562333333333333	0.8973	0	14.133
Unigene600124	0	0.00306666666666667	4.46996666666667	0
Unigene1224362	0	0	0	0.850333333333333
Unigene1308080	0	0	0	1.41203333333333
Unigene606113	0	0	0.6279	0
Unigene736486	0	0	8.49313333333333	0.0338
Unigene26117	0.988	0.9276	0.131466666666667	0.0830333333333333
Unigene930639	0	0	0	4.23933333333333
Unigene231741	0	1.33823333333333	0	0
Unigene1001806	0	0.0032	0	5.34503333333333
Unigene858948	0	0	7.38286666666667	0
Unigene116014	0.332966666666667	0.722566666666667	0	0
Unigene1354039	0	0	0	8.6415
Unigene375025	2.62786666666667	37.7719666666667	1.002	2.44876666666667
Unigene963189	0	0.0016	0.0135	6.302
Unigene1208995	0	0	0	2.0068
Unigene126638	0.2978	0	0	0.0836666666666667
Unigene882596	0	0	0.0270666666666667	2.10446666666667
Unigene1090020	0	0	0	5.43893333333333
Unigene261469	0.00413333333333333	0.699866666666667	0	0
Unigene83503	7.43443333333333	0.2114	0.0052	0.0555333333333333
Unigene554929	0	0.2689	0	0
Unigene1068893	0	0	0	7.49343333333333
Unigene1140133	0	0	0	3.21143333333333
Unigene16670	4.09703333333333	0.9232	0	0.0108333333333333
Unigene954768	0	0	0	23.5034333333333
Unigene1121111	0	0.00756666666666667	0.1411	14.4584333333333
Unigene224825	0.0166666666666667	0.9673	0	0.117333333333333
Unigene306035	7.88726666666667	38.308	0	0.0133333333333333
Unigene1035750	0	0.0038	0.6925	4.72246666666667
Unigene365275	0.567533333333333	0.7984	0.0247666666666667	0.842866666666667
Unigene737960	0.887466666666667	0.945866666666667	7.76503333333333	1.32543333333333
Unigene1260565	0	0	0	2.12253333333333
Unigene938743	0	0	0	6.08156666666667
Unigene326158	0	0.586933333333333	0	0
Unigene53896	8.0783	1.7281	0.0331333333333333	0.825
Unigene280824	0	3.65073333333333	0	0
Unigene1022912	0	0.0065	0.0110666666666667	3.51473333333333
Unigene1145610	0	0	0	2.5585
Unigene202204	0.659933333333333	2.9345	0.263066666666667	0.126166666666667
Unigene1034497	0.832866666666667	0.00816666666666667	0.1485	5.2684
Unigene420067	0.0042	2.4834	0.025	0
Unigene47277	4.06206666666667	61.381	112.866066666667	0.0725666666666667
Unigene1149169	0	0	0.00696666666666667	2.09473333333333
Unigene1299853	0	0.0077	0.1438	11.8689666666667
Unigene1343775	0	0	0	2.31176666666667
Unigene898876	0.0056	0.144466666666667	0.00536666666666667	1.9472
Unigene405420	0.320266666666667	1.05036666666667	0.175166666666667	0.0442666666666667
Unigene1131240	0	0	0	2.1044
Unigene297934	0.202966666666667	1.70473333333333	0.156666666666667	0.103866666666667
Unigene398982	0.0153333333333333	0.401133333333333	0	0
Unigene403158	0	32.5845666666667	0	0
Unigene1269786	0	0	0.1421	4.48403333333333
Unigene320687	0.0086	0.986433333333333	0	0
Unigene917505	0	0	0	20.4694333333333
Unigene205147	0.0052	0.530333333333333	0	0
Unigene1237822	0	0	0	2.07803333333333
Unigene1089292	0	0.00393333333333333	0.0970666666666667	5.8969
Unigene413479	0.0193	0.4807	0	0
Unigene249229	0	0.6476	0.0143	0
Unigene1012252	0	0.00396666666666667	0.765733333333333	5.37333333333333
Unigene316097	0.0886	4.46383333333333	0.0373	0
Unigene66935	0.831433333333333	0.909566666666667	0	0
Unigene879574	0.00436666666666667	0.0509	0	21.7804333333333
Unigene609574	0.00156666666666667	0	0.7828	0.131566666666667
Unigene1157602	0	0	0	2.9517
Unigene1196926	0	0	0.00553333333333333	2.21626666666667
Unigene64501	0.468833333333333	0.0238666666666667	0.0145	0.0453
Unigene883378	0	0	0	4.28343333333333
Unigene601475	0	0	5.21653333333333	0
Unigene1160248	0	0	0	2.53496666666667
Unigene346056	0.1379	1.24983333333333	0.0233666666666667	9.9459
Unigene910963	0	0	0	2.77693333333333
Unigene79237	3.67466666666667	0.0423	0.137933333333333	0.6352
Unigene204835	0.0134	2.41203333333333	0	0.0241666666666667
Unigene1142587	0	0	0	3.98263333333333
Unigene1121288	0	0	0	1.65586666666667
Unigene79209	7.3019	0.2453	0.0146	0.0385
Unigene31525	13.27	11.739	0	0.148733333333333
Unigene924109	0	0	0.0147666666666667	13.6309
Unigene361982	0.0524666666666667	0.434	0.0118	0.0117
Unigene62538	0.7936	0.9694	0.102233333333333	0
Unigene1054035	0	0	0	25.4458
Unigene224972	0.00896666666666667	0.774033333333333	0	0
Unigene740365	0	0	6.82866666666667	0
Unigene586497	0.0706333333333333	0.00203333333333333	99.7507	0
Unigene271311	0.127133333333333	1.9649	0.0607666666666667	0.0117333333333333
Unigene242074	0	1.51986666666667	0	0
Unigene18720	306.621166666667	148.9633	0.122266666666667	1.3698
Unigene875548	0	0.0367333333333333	0.0654666666666667	24.9729333333333
Unigene291498	0	0.2962	0	0
Unigene245925	0	0.560366666666667	0	0
Unigene120184	0.532366666666667	0.0210666666666667	0.00746666666666667	0.0958
Unigene1015485	0	0.0369333333333333	0	27.8983
Unigene1338365	0	0	0	1.51816666666667
Unigene387926	0	0.4018	0	0.0145666666666667
Unigene48496	3.1341	7.045	59.8634666666667	0.469533333333333
Unigene225970	0.0124333333333333	8.88593333333333	0	0
Unigene890664	0.1429	0	1.98136666666667	13.7482666666667
Unigene1337352	0	0	0	1.3868
Unigene390064	0	1.5971	0	0.0120333333333333
Unigene146922	0.710966666666667	0.377333333333333	0.3302	0.1012
Unigene536004	0	0.3116	0.1614	0
Unigene1022171	0	0	0.639733333333333	4.57226666666667
Unigene907761	0	0.0127333333333333	0	8.50443333333333
Unigene591102	0	0	11.0834666666667	0
Unigene329172	0.00233333333333333	0.586766666666667	0	0
Unigene149245	1.38216666666667	0.0315333333333333	0	0.0583
Unigene1138081	0	0	0	2.65013333333333
Unigene1154232	0	0	0	1.6073
Unigene42758	11.5577333333333	9.8518	0	0.120033333333333
Unigene307921	0	1.25226666666667	0	0
Unigene604340	1.74663333333333	1.61016666666667	1.22273333333333	0.0578333333333333
Unigene282444	0.0222	0.438066666666667	0	0
Unigene441626	0.7821	1.53703333333333	0.0216666666666667	0.0133333333333333
Unigene907594	0	0	0.873266666666667	6.03893333333333
Unigene1276438	0	0	0	1.8378
Unigene582583	0	0	6.18493333333333	0
Unigene1011528	0	0	0.1589	5.20296666666667
Unigene188422	0.0694	5.312	0	0.0153
Unigene916007	0	0	0	3.144
Unigene356566	0	0.550066666666667	0	0
Unigene1223476	0	0	0	2.21603333333333
Unigene1209887	0	0	0	1.71573333333333
Unigene278597	0	2.11836666666667	0	0
Unigene285969	0	0.342933333333333	0	0
Unigene900160	0	0	0	2.98403333333333
Unigene1365754	0	0	0	1.2971
Unigene1347881	0	0	0	1.9635
Unigene1246803	0	0	0	2.0933
Unigene902649	0	0.0019	0	18.8600333333333
Unigene1052224	0	0	0	6.34693333333333
Unigene1069653	0	0	0	3.25683333333333
Unigene84468	2.55393333333333	4.4544	32.1519	0.406633333333333
Unigene377257	0.0165	0.434933333333333	0	0
Unigene675789	0	0	2.45323333333333	0
Unigene66147	8.93296666666667	1.8833	0.0162333333333333	1.06586666666667
Unigene1117303	0	0	0	2.66963333333333
Unigene216033	0.369666666666667	6.2327	0	5.07453333333333
Unigene1080900	0	0	0	24.1156333333333
Unigene599639	0	0	0.548933333333333	0
Unigene949384	0	0	0.0130333333333333	2.5917
Unigene1122601	0	0.0045	0	24.1073
Unigene82764	0.4846	0.0709333333333333	0.0328	0.0473666666666667
Unigene1323397	0	0	0.0082	1.74523333333333
Unigene177527	0.0298333333333333	10.5111666666667	0	0
Unigene392617	0.00993333333333333	1.73156666666667	0	0
Unigene907969	0	0	0	21.3466
Unigene906367	0	0	0.0131333333333333	3.5551
Unigene1047762	0	0	0.317433333333333	6.89216666666667
Unigene28447	7.55986666666667	1.15733333333333	9.56223333333333	11.2576666666667
Unigene929499	0	0	0	3.0413
Unigene244743	0.105266666666667	2.0677	0.0633333333333333	0
Unigene245312	0	0.306933333333333	0	0
Unigene350430	0	0.627633333333333	0	0
Unigene1087330	0	0	0	4.25806666666667
Unigene588441	0	0	10.4124333333333	0
Unigene125390	0.501466666666667	0.012	0	0.1298
Unigene1151992	0	0	0.0410666666666667	1.2866
Unigene1369286	0	0	0	2.70156666666667
Unigene1093762	0	0	0	2.5974
Unigene581456	0	0.00476666666666667	6.22916666666667	0
Unigene599837	0	0	0.5474	0
Unigene973891	0	0	0.123133333333333	18.2707
Unigene1256067	0	0	0	2.81696666666667
Unigene1009376	0	0	0	2.79843333333333
Unigene1229450	0	0	0	2.67683333333333
Unigene411472	0.129266666666667	0.358166666666667	0	0
Unigene77156	0.878366666666667	1.2832	0	0
Unigene1232689	0	0	0	2.59323333333333
Unigene105952	0.331033333333333	0.0240666666666667	0	0.0382333333333333
Unigene942639	0	0	0	21.6648
Unigene1288933	1.90156666666667	0.5011	2.54673333333333	9.3857
Unigene68913	0.788933333333333	0.648833333333333	0.0524666666666667	0.7991
Unigene922465	0	0	0	9.43593333333333
Unigene334761	0.0161666666666667	0.777266666666667	0	0.0344666666666667
Unigene923378	0	0	0.0535	2.48176666666667
Unigene39866	2.14063333333333	3.90856666666667	32.5012333333333	0.3076
Unigene1055445	0	0	0	8.73493333333333
Unigene1114170	0	0	0	2.41073333333333
Unigene879478	0	0	0	3.81906666666667
Unigene181458	0.00393333333333333	0.5523	0	0
Unigene1350473	0	0	0	1.17296666666667
Unigene1286443	0	0	0	11.7691333333333
Unigene325304	0.0149	0.2648	0	0
Unigene554098	0	0.430166666666667	0.2413	0
Unigene354192	0.00823333333333333	0.240033333333333	0	0
Unigene252714	0	3.97076666666667	0	0
Unigene53887	7.83956666666667	1.4332	0.00906666666666667	1.01593333333333
Unigene250767	0.0165	1.0011	0	0
Unigene6315	14.4743666666667	39.1158333333333	22.8921666666667	0.7274
Unigene1002919	0	0	0	3.10333333333333
Unigene961064	0	0	0.0834333333333333	3.9171
Unigene642816	0	0	2.8166	0
Unigene1014451	0	0	0	9.38886666666667
Unigene1080505	0	0.0262	0	1.07706666666667
Unigene960118	0	0.00506666666666667	0.106533333333333	12.5466
Unigene1041998	0	0	0	3.34713333333333
Unigene362193	0.0263	0.277233333333333	0.0774666666666667	0
Unigene326677	0	1.5314	0	0
Unigene1030415	0	0	0	14.9447333333333
Unigene1017398	0	0	0	13.6272666666667
Unigene1121383	0	0	0	5.06113333333333
Unigene136084	1.0316	0	0	0
Unigene1016207	0	0	0	3.66313333333333
Unigene998768	0	0	0	18.575
Unigene397250	0.0577333333333333	0.713666666666667	0.3164	0
Unigene1140977	0	0	0	2.55316666666667
Unigene273613	0	5.0041	0	0
Unigene116097	0.4161	0.7133	0	0
Unigene471531	0	0.241566666666667	0.0187	0
Unigene987853	0.00566666666666667	0.0044	0	6.03813333333333
Unigene314181	0	5.6009	0	0
Unigene311607	0.0931666666666667	0.603733333333333	0.510233333333333	0.286233333333333
Unigene218338	0	1.60413333333333	0	0
Unigene231862	0.124666666666667	0.816466666666667	0.3868	0.2493
Unigene782839	0	0	9.36536666666667	0
Unigene615681	6.5824	1.4364	14.1880333333333	10.0148
Unigene1245134	0	0.0067	0	1.83063333333333
Unigene1144475	0	0	0	11.1641666666667
Unigene63015	1.44663333333333	1.38746666666667	1.4811	0.0491666666666667
Unigene12276	11.6077666666667	10.4825	0	0.1097
Unigene1051245	0	1.14183333333333	0	4.3561
Unigene1023429	0	0	0.0377333333333333	4.69726666666667
Unigene989605	0	0	0	5.24673333333333
Unigene231735	0	1.10293333333333	0	0
Unigene381913	0.0819333333333333	0.267233333333333	0	0
Unigene179165	0.0337666666666667	0.384	0.101866666666667	0.00803333333333333
Unigene406712	0.0479333333333333	1.87116666666667	0.0321	0.0149666666666667
Unigene31419	9.36596666666667	1.74823333333333	10.6312	14.2429666666667
Unigene21513	0.6142	0.6422	7.98593333333333	1.13183333333333
Unigene591270	2.59556666666667	5.70196666666667	48.1106666666667	0.3233
Unigene609079	0.0661333333333333	0.0045	172.6603	0
Unigene1066089	0	0.0157333333333333	0	4.74523333333333
Unigene1192177	0	0	0.0191	0.9262
Unigene726311	0.191733333333333	0	2.07103333333333	11.8140666666667
Unigene1045512	0	0	0	3.77276666666667
Unigene1218807	0	0	0	1.0172
Unigene960910	0	0.0294333333333333	0.0288	27.4525
Unigene368947	0	38.3908333333333	0.778166666666667	3.11596666666667
Unigene895448	0	0.0106333333333333	0	4.23833333333333
Unigene167659	0.206166666666667	0.0476333333333333	0	0.1858
Unigene989692	0	0	0	2.1469
Unigene1044481	0	0	0	10.6875666666667
Unigene1136866	0	0.0292333333333333	0.802566666666667	5.64206666666667
Unigene95845	8.2465	1.25366666666667	10.4691333333333	12.7568
Unigene155468	0.292666666666667	0.3717	0	0
Unigene1022523	0	0	0	3.73103333333333
Unigene159940	0.2427	0.0358	0	0
Unigene364265	0.0094	0.2595	0	0
Unigene10078	14.1035333333333	46.6634	28.2631333333333	0.718833333333333
Unigene880287	0	0	0	1.6633
Unigene48948	2.81686666666667	0.782466666666667	0	0.0482666666666667
Unigene213242	0	0.409866666666667	0	0
Unigene603821	0.135433333333333	0	146.169	0
Unigene1011327	0	0	0	1.73826666666667
Unigene5241	0.9586	1.45273333333333	0	0
Unigene1304409	0	0.00456666666666667	0.00776666666666667	1.77826666666667
Unigene175116	0.180133333333333	0.00456666666666667	0.035	0.5364
Unigene1080902	0	0	0	22.7659333333333
Unigene384994	0.0329333333333333	0.356066666666667	0.0195666666666667	0.0189666666666667
Unigene649001	0	0	2.75883333333333	0
Unigene53541	0.625266666666667	0.8489	0	1.33906666666667
Unigene542153	0	0.313766666666667	0.2466	0
Unigene231156	0	2.6713	0.0075	0
Unigene231815	0	1.3178	0	0
Unigene130457	0.447066666666667	0.114933333333333	0.0196666666666667	0.0847666666666667
Unigene311374	0.0151333333333333	0.237866666666667	0.0825	0
Unigene1301769	0	0.0253666666666667	0	1.54623333333333
Unigene673538	0	0	5.1056	0
Unigene135607	0.732966666666667	0.0277	0	12.5009666666667
Unigene764099	0	0.0187	3.19083333333333	0
Unigene408456	0.0615	1.89923333333333	0.0510666666666667	0
Unigene1048326	0	0	0	5.26786666666667
Unigene169906	0.486933333333333	0	0	0
Unigene906338	0.006	0	0	6.855
Unigene1271666	0	0.00273333333333333	0	4.13813333333333
Unigene1078300	0	0	0.0197333333333333	4.95596666666667
Unigene394522	0.0103333333333333	0.466633333333333	0	0
Unigene1152272	0	0.00463333333333333	0	2.43713333333333
Unigene23968	4.24346666666667	1.23633333333333	0	0.0246333333333333
Unigene1011582	0	0	0	12.5462666666667
Unigene1212	471.158066666667	234.5175	0.0151666666666667	2.3795
Unigene265983	0.0442666666666667	47.7011333333333	0.888633333333333	2.91876666666667
Unigene248240	0.1834	7.94473333333333	0	0.0253
Unigene206230	0	2.2429	0	0
Unigene882618	0	0	0.0198666666666667	14.7106
Unigene234637	0	3.5172	0	0.0157333333333333
Unigene6237	8.86683333333333	1.3576	11.1412	13.3523333333333
Unigene328075	0	0.322566666666667	0	0
Unigene355766	0	1.0729	0	2.5262
Unigene1229116	0.0044	0.0055	0	2.5397
Unigene883054	0	0.00826666666666667	0.962333333333333	5.54253333333333
Unigene773329	0.269633333333333	0	3.08346666666667	21.6935
Unigene1253215	0	0	0.0359333333333333	15.8406
Unigene326390	8.11006666666667	39.9358666666667	0	0
Unigene393253	0.622333333333333	0.93	0.0348	0.947466666666667
Unigene1098724	0	0	0	1.14156666666667
Unigene940387	0	0	0	27.6950333333333
Unigene174686	0.858333333333333	0	0	0
Unigene309435	0	1.74866666666667	0	0
Unigene207524	0	4.9068	0	3.78703333333333
Unigene49728	13.4828	12.9510333333333	0.0160333333333333	0.119566666666667
Unigene529195	0	0.310033333333333	0.166966666666667	0
Unigene153572	0.568833333333333	0.438633333333333	0.2458	0.0730666666666667
Unigene1092003	0.0061	0	0	1.54213333333333
Unigene159013	0.669233333333333	0.4901	0.360133333333333	0.0501333333333333
Unigene1052621	0	0	0	26.4472666666667
Unigene251116	0.0122	1.418	0	0
Unigene586600	0.0365666666666667	0	112.1086	0
Unigene1006839	0	0	0.0642666666666667	6.23236666666667
Unigene79605	8.06323333333333	0.304166666666667	0.0157333333333333	0.0732666666666667
Unigene138531	1.78233333333333	0.0236666666666667	0	0.0513666666666667
Unigene526620	0.00733333333333333	0.1458	0.0642666666666667	0.00976666666666667
Unigene1003388	0.0061	0	0	3.39183333333333
Unigene129350	0.192633333333333	7.5246	0	0
Unigene273609	0	4.49333333333333	0	0
Unigene1004566	0	0	0.00806666666666667	29.6873666666667
Unigene935889	0	0	0.0645666666666667	22.34
Unigene1064545	0	0	0	2.28313333333333
Unigene56812	10.1992666666667	0.1763	0.0323	0.247533333333333
Unigene216024	0.00306666666666667	6.58986666666667	0	0
Unigene883834	0	0	0	24.1846
Unigene946325	0	0	0	0.9434
Unigene892230	0	0.0048	0.0081	7.2251
Unigene588898	0.0935333333333333	0	134.654566666667	0
Unigene854211	0.0523	0.00476666666666667	1.81216666666667	10.8701666666667
Unigene1262926	0	0	0	2.28376666666667
Unigene1006440	0.00893333333333333	0.0551	0.0203	20.1413333333333
Unigene1026271	0	0.00476666666666667	0.0203	5.59543333333333
Unigene991703	0	0	0	20.0396
Unigene1009050	0	0.0692333333333333	0	31.8568
Unigene119023	0.270733333333333	0.00476666666666667	0	0.0646666666666667
Unigene34952	525.095866666667	265.789633333333	0.00776666666666667	2.18183333333333
Unigene1238000	0	0.00966666666666667	0	1.78576666666667
Unigene205751	0.107866666666667	3.73303333333333	0	0.00803333333333333
Unigene1240503	0	0	0	1.92936666666667
Unigene143573	1.95003333333333	0.0646	0	0.0197333333333333
Unigene320860	0.00616666666666667	0.938533333333333	0	0
Unigene1256912	0	0	0.0408333333333333	0.804066666666667
Unigene951887	0	0	0	21.3305333333333
Unigene1083096	0	0	0	2.652
Unigene7573	0.43	0.5433	7.26523333333333	1.36626666666667
Unigene636107	0.123633333333333	0	1.14866666666667	12.1564666666667
Unigene907981	0	0	0	22.4322
Unigene334507	0	0.3577	0	0
Unigene1260872	0	0	0.0163	3.3071
Unigene73862	0.676	0.698966666666667	0.0204333333333333	0
Unigene536002	0	0.288666666666667	0.103266666666667	0
Unigene985274	0.0247666666666667	0.0655	0.299566666666667	17.6366666666667
Unigene941108	6.51193333333333	1.11196666666667	7.8385	10.6963666666667
Unigene384661	0.108833333333333	0.302666666666667	0.0102333333333333	0
Unigene868293	0.0062	0.00486666666666667	8.44883333333333	0
Unigene1076635	0.932633333333333	0.0240666666666667	0.0327	4.51656666666667
Unigene320411	0.1021	5.2315	0.0408666666666667	0
Unigene958844	0	0	0	3.78883333333333
Unigene922410	0	0.00483333333333333	0	10.4294
Unigene876188	0	0	0	10.7569333333333
Unigene57083	15.0836666666667	0.269533333333333	0.0987666666666667	0.2449
Unigene987837	0	0	0	2.6459
Unigene226020	0.0280666666666667	6.0624	0	0.00813333333333333
Unigene158448	0.8207	0.155033333333333	0.0287666666666667	0.196866666666667
Unigene594278	0	0	5.00643333333333	0
Unigene2028	1.0948	1.588	0	0
Unigene579396	0	0	4.52806666666667	0
Unigene209049	0	1.40943333333333	0	0.0350666666666667
Unigene898702	0	0	0	12.4157
Unigene437430	0	0.256666666666667	0	0
Unigene872367	0	0.00283333333333333	0.230966666666667	4.71
Unigene567694	0.0125333333333333	7.59296666666667	0	0.0082
Unigene34672	1.64186666666667	0.0253666666666667	0	0
Unigene993013	0	0	0	4.8747
Unigene97367	1.6322	0	0	0
Unigene161728	0.390633333333333	0.0532666666666667	0	0
Unigene256644	0	1.11423333333333	0	0
Unigene55298	2.8889	2.9918	64.321	0.0707
Unigene582133	0	0	3.03943333333333	0
Unigene1081977	0	0	0	3.07203333333333
Unigene358495	0	1.90313333333333	0	0
Unigene1174153	0	0	0.0166333333333333	1.46963333333333
Unigene63575	9.53766666666667	0.0246666666666667	0	0.0646666666666667
Unigene62565	0.861366666666667	1.04006666666667	0	0
Unigene980492	0	0	0	3.08723333333333
Unigene119308	0.323366666666667	0.1925	0	0
Unigene64329	0.717366666666667	0.635133333333333	0	0
Unigene322904	0	0.801566666666667	0	0
Unigene319458	0.0184333333333333	0.1948	0	0
Unigene917521	0	0	0	20.7497333333333
Unigene236638	0.0406	0.2493	0	0
Unigene189221	0	1.21696666666667	0	0
Unigene257017	0.0032	0.4802	0	0
Unigene549648	0	0.435	0	0
Unigene240279	0	4.59726666666667	0	0
Unigene248131	0	1.38463333333333	0	0
Unigene175994	0.0064	0.3425	0	0
Unigene632208	0.0767	0	2.322	16.3731333333333
Unigene1140340	0	0	0	2.1611
Unigene182586	0	0.5061	0	0
Unigene989412	0	0	0.0168333333333333	13.0269333333333
Unigene37388	3.93626666666667	61.7497333333333	110.457233333333	0.158266666666667
Unigene54027	13.1431333333333	3.0502	0.0249666666666667	1.79816666666667
Unigene363319	0.102266666666667	0.271	0	0
Unigene20813	5.2572	80.9027333333333	157.169633333333	0.0681
Unigene248047	0	1.27686666666667	0	0
Unigene145865	0.398466666666667	0.243433333333333	0.0423666666666667	0.0540666666666667
Unigene1021529	0	0.0997333333333333	0	3.84343333333333
Unigene665062	0.227733333333333	0	2.19326666666667	14.9261666666667
Unigene1056895	0.00933333333333333	0.0348	0.110133333333333	7.55443333333333
Unigene232664	0.0032	1.12773333333333	0	0
Unigene217434	0.0374333333333333	2.67583333333333	0.0212666666666667	0
Unigene717461	0.144966666666667	0	1.9505	15.9621
Unigene969612	0	0	0	10.1667
Unigene616291	0	0	2.93713333333333	0
Unigene982908	0	0	0	1.29136666666667
Unigene1004910	0	0	0	2.3766
Unigene251798	0	0.553	0	0
Unigene584771	0	0	5.02683333333333	0
Unigene427125	0.00776666666666667	0.355366666666667	0	0
Unigene338915	0	3.36823333333333	0.00816666666666667	0
Unigene1225925	0	0	0	2.28233333333333
Unigene746996	0	0	2.28623333333333	0
Unigene12719	2.75313333333333	0.732733333333333	0	0.00906666666666667
Unigene319460	0.0453333333333333	5.29976666666667	0	0
Unigene295073	0.0356	0.966666666666667	0	0
Unigene60338	10.1077	0.294033333333333	0	0.188833333333333
Unigene3061	13.5595333333333	42.9948333333333	26.4277666666667	0.528266666666667
Unigene150349	0.704533333333333	0.417166666666667	0.231	0.0967666666666667
Unigene1287219	0	0	0	23.574
Unigene998284	0	0	0	4.04893333333333
Unigene589685	0.0519666666666667	0	101.393433333333	0
Unigene294328	0.0998666666666667	5.77596666666667	0.0900666666666667	0
Unigene1341979	0	0	0	1.72016666666667
Unigene238377	0	6.00673333333333	0	0
Unigene609965	0.0358	0	105.379566666667	0
Unigene243750	0	1.43356666666667	0	0
Unigene934689	0	0	0	9.87896666666667
Unigene877108	0.00653333333333333	0.00593333333333333	0	2.90433333333333
Unigene921045	0	0	0	8.5339
Unigene115748	0.466	0.9083	0	0
Unigene189215	0	1.1065	0	0
Unigene923558	0	0	0	3.1808
Unigene1146442	0	0	0	1.54656666666667
Unigene895298	0	0	0	4.36076666666667
Unigene1223120	0	0	0.0215666666666667	1.94853333333333
Unigene416341	0.00653333333333333	2.18496666666667	0.0086	0
Unigene949382	0	0	0	2.37873333333333
Unigene940620	0	0	0	20.8137333333333
Unigene93997	0.184866666666667	0.00506666666666667	0	0.6173
Unigene917520	0	0	0	19.2482333333333
Unigene1018151	0	0.104066666666667	0	3.06626666666667
Unigene1005451	0	0	0.0517	2.2141
Unigene273414	0.0131	0.545333333333333	0	0
Unigene121474	0.695433333333333	0.355533333333333	0.423533333333333	0.0617666666666667
Unigene301233	0.893433333333333	5.48383333333333	0	7.7122
Unigene31682	8.22886666666667	1.48863333333333	10.8094666666667	12.4013
Unigene337197	0	0.509833333333333	0.0345333333333333	0.0381
Unigene1239825	0	0	0	1.4756
Unigene358420	0	1.97886666666667	0	0
Unigene216355	0.437033333333333	0.816066666666667	0	0
Unigene272796	0.0033	6.76943333333333	0	0
Unigene1323973	0	0.00256666666666667	0.0217	1.59583333333333
Unigene1191768	0	0	0.00866666666666667	0.898166666666667
Unigene1052349	0	0	0	2.5506
Unigene962615	0	0	0	3.95666666666667
Unigene57635	0.98	1.45136666666667	0	0
Unigene1058558	0	0	0.794133333333333	5.2515
Unigene98235	0.506066666666667	0.0204666666666667	0.154333333333333	3.58163333333333
Unigene52954	0.905433333333333	1.0808	1.2221	0
Unigene1113753	0	0	0	1.5513
Unigene851400	0.0592333333333333	0	2.1882	14.1358666666667
Unigene1178109	0	0	0.0196666666666667	0.98
Unigene1210080	0	0	0	2.4181
Unigene409091	0.0309666666666667	0.6706	0.3544	0
Unigene212842	0.0312666666666667	0.853833333333333	0	6.15636666666667
Unigene508	3.5883	53.6486	94.8647	0.106366666666667
Unigene344932	0	1.05993333333333	0	0
Unigene1048356	0	0	0	4.04713333333333
Unigene160655	0.284433333333333	0.0548	0	0
Unigene49617	5.51836666666667	30.3075333333333	0	0
Unigene898016	0	0	0	2.77906666666667
Unigene1337709	0	0.00256666666666667	0	1.616
Unigene355196	0	0.994633333333333	0	0
Unigene2342	15.7373333333333	0	0	0
Unigene206530	0.0622666666666667	1.40706666666667	0.0395	0
Unigene291525	0.0732666666666667	0.655333333333333	0	0
Unigene331332	0	0.691733333333333	0	0
Unigene252162	0	1.1185	0	0
Unigene1117786	0	0	0	2.01806666666667
Unigene993372	0	0.0121333333333333	0.127333333333333	12.6331666666667
Unigene838731	0	0	1.0768	0
Unigene1233087	0	0	0	2.39986666666667
Unigene1043828	0	0	0	18.3597
Unigene1360826	0	0	0	1.466
Unigene64208	0.4044	0.502666666666667	0	0
Unigene256949	0	0.2285	0	0
Unigene311463	0	0.872533333333333	0	0
Unigene352660	0	0.5204	0	0
Unigene140041	0.6294	0.3187	0.267133333333333	0.0966666666666667
Unigene64316	0.727166666666667	0.553066666666667	0.00846666666666667	0
Unigene41053	4.29993333333333	58.1519666666667	121.0782	0.0701333333333333
Unigene276465	0	37.622	0.9984	2.42453333333333
Unigene85467	7.84626666666667	2.1036	0.0176666666666667	0.620933333333333
Unigene378675	0.247833333333333	0.582533333333333	0	0
Unigene210492	0	0.645533333333333	0	0.0309
Unigene1018871	0	0	0.0177	2.28533333333333
Unigene1031115	0	0	0	2.6223
Unigene128112	1.00396666666667	0.0104333333333333	0.0576	0.230666666666667
Unigene135104	0.6718	0.0182666666666667	0.0709333333333333	4.46516666666667
Unigene1354926	0	0	0	1.42803333333333
Unigene636235	0.0471666666666667	0	2.07106666666667	11.3790666666667
Unigene420027	0	2.2869	0.0085	0
Unigene58889	0.710833333333333	0.776233333333333	1.07423333333333	0
Unigene410733	0.015	0.4516	0	0
Unigene399747	0.680133333333333	0.6508	0.0196666666666667	0.646833333333333
Unigene212432	0	0.180533333333333	0	0
Unigene72466	0.4461	0	0	0.0216333333333333
Unigene292651	0	1.5655	0	0
Unigene332617	0.0304333333333333	11.2506666666667	0	0
Unigene1048977	0	0	0	20.1297666666667
Unigene124034	2.00576666666667	0.0603666666666667	0	0.0720666666666667
Unigene1237906	0	0	0.0223333333333333	0.9214
Unigene306292	0	0.552766666666667	0	0
Unigene91266	0.387466666666667	0	0.0223333333333333	0
Unigene106143	0.273	0.0185	0.110533333333333	0
Unigene1231116	0	0	0	1.42123333333333
Unigene305697	0	0.5496	0	0
Unigene922466	0	0	0	9.49326666666667
Unigene907182	0	0	0.61	4.86056666666667
Unigene1053362	0	0	0	1.15606666666667
Unigene600102	0	0	0.454033333333333	0
Unigene364513	1.6152	51.7781333333333	102.6273	0
Unigene1033258	0	0.0031	0.0178666666666667	20.8908
Unigene7261	0.4777	0.832633333333333	0.136133333333333	0.0190666666666667
Unigene84168	0.720133333333333	1.30193333333333	0	0
Unigene991704	0	0	0	20.9721666666667
Unigene1078078	0	0	0	2.99233333333333
Unigene1070639	0	0	0	18.9482666666667
Unigene28904	416.777666666667	108.816533333333	0.0258	2.25376666666667
Unigene1564	0.381633333333333	0.3748	6.1122	1.17463333333333
Unigene1017745	0	0	0	3.13953333333333
Unigene1217370	0	0.0317666666666667	0.00896666666666667	1.5525
Unigene118279	0.712133333333333	0.275933333333333	0.3469	0.0613
Unigene127446	0.292766666666667	0.7425	0	0
Unigene33128	4.39833333333333	1.36566666666667	0	0
Unigene932115	0	0	0.0179333333333333	3.76293333333333
Unigene1222698	0	0	0.0179333333333333	1.64796666666667
Unigene139388	5.36876666666667	0.764566666666667	0	0.825933333333333
Unigene199925	0.180566666666667	1.1181	0	9.2466
Unigene355872	0.0409333333333333	1.65203333333333	0	0.0218
Unigene121472	0.5667	0.2818	0.161033333333333	0.0574
Unigene118278	0.7333	0.399066666666667	0.2234	0.0465
Unigene106998	4.98893333333333	51.3573	30.5182333333333	0
Unigene531397	0	0.143166666666667	0	0
Unigene62563	0.6841	1.1177	0	0
Unigene213171	0.0164	0.6112	0	0
Unigene192227	0.108966666666667	1.3061	0.1292	0.0764666666666667
Unigene104722	1.46006666666667	0.0635333333333333	0	0.0178333333333333
Unigene13523	3.9569	64.4471333333333	114.878766666667	0.112366666666667
Unigene329200	0.0127	0.612533333333333	0.0225333333333333	0
Unigene167581	0.574933333333333	0.7575	0.896233333333333	0
Unigene318532	0	1.96996666666667	0	0
Unigene883356	0	0	0.0225333333333333	2.0351
Unigene1140160	0	0	0	2.18113333333333
Unigene181528	0.0183333333333333	1.25103333333333	0	0
Unigene837406	0	0	0.9687	0
Unigene960351	0	0	0	3.5737
Unigene878343	0	0	0	20.9168333333333
Unigene1006021	0.1099	0	1.3728	19.8748333333333
Unigene112337	0.522866666666667	0.0652	0	0.0308666666666667
Unigene164276	0.733566666666667	0.0106333333333333	0.0745666666666667	4.8827
Unigene58356	0.6759	0.8194	0.0216333333333333	0
Unigene1004708	0	0	0	23.9938
Unigene259187	0.0682	4.06786666666667	0.00866666666666667	0
Unigene539429	0.00936666666666667	0.334233333333333	0.2149	0
Unigene293408	0	1.9998	0	0.0109666666666667
Unigene1002482	0	0	0.5713	4.74673333333333
Unigene7740	6.3968	1.11126666666667	9.01593333333333	10.1312
Unigene40933	4.7317	76.6268	141.4327	0.0425666666666667
Unigene1023427	0	0	0	4.73266666666667
Unigene403116	0.386166666666667	0.6557	0.0471	0
Unigene1056068	0	0	0.0453	1.84
Unigene365134	0.0271333333333333	0.481	0	0
Unigene296032	0.0171666666666667	1.27223333333333	0	0.0358666666666667
Unigene435605	0	0.306633333333333	0	0
Unigene329961	0.00343333333333333	0.6212	0	0
Unigene86770	6.6901	0.144666666666667	0	0.0372
Unigene54219	1.1599	2.8072	0	0
Unigene167899	0.599733333333333	0	0	0
Unigene283170	0.00996666666666667	0.186633333333333	0	0
Unigene956291	0.0132666666666667	0.04	0.0181	26.3162333333333
Unigene600826	0	0	0.6297	0
Unigene388677	0.213533333333333	0.4641	0	0
Unigene876389	0.005	0.0240666666666667	0.0181	31.9614666666667
Unigene901188	0	0	0	2.91593333333333
Unigene125410	1.15186666666667	0.0654666666666667	0.0817333333333333	0.525933333333333
Unigene240340	0.0303333333333333	0.251433333333333	0.0272	0
Unigene237785	0	3.52956666666667	0	0
Unigene289748	0	0.956166666666667	0	0
Unigene197413	0.0635666666666667	1.5806	0.00906666666666667	0
Unigene1212915	0.437	0.0116333333333333	0.0227666666666667	2.9312
Unigene1023426	0	0	0	4.28746666666667
Unigene14971	17.7304	0	0	0.0414333333333333
Unigene392695	0	0.703033333333333	0	0
Unigene729756	0.164733333333333	0	2.45536666666667	15.9005333333333
Unigene1063377	0	0	0	1.99953333333333
Unigene214101	0	0.664766666666667	0	0
Unigene31522	12.6544666666667	12.1187666666667	0	0.1787
Unigene1084299	0	0	0	1.10843333333333
Unigene1289061	0	0	0	0.932766666666667
Unigene212464	0	5.02456666666667	0	0
Unigene169490	0.140366666666667	0.00853333333333333	0	0.0598
Unigene1351245	0	0	0	1.57256666666667
Unigene885255	0	0	0	10.6515
Unigene21763	1.9938	2.574	38.9119	0.2873
Unigene1023587	0	0	0.0182666666666667	10.9832333333333
Unigene950446	0	0	0	2.81763333333333
Unigene1163230	0	0	0.0229333333333333	3.06553333333333
Unigene730377	0	0.0654666666666667	0.876566666666667	0
Unigene54293	0.611433333333333	0.191566666666667	0.0183	0.0939333333333333
Unigene329199	0.0780333333333333	2.1586	0.0778333333333333	0
Unigene60854	0.718966666666667	1.26336666666667	0	0
Unigene260548	0.00696666666666667	0.689466666666667	0	0
Unigene634119	0	0	3.11116666666667	0
Unigene410791	0.0035	0.4984	0	0
Unigene1790	0.5797	0.563533333333333	6.56936666666667	1.0181
Unigene6636	274.867233333333	138.8327	0	1.43933333333333
Unigene144174	0.401866666666667	0.7913	0	0
Unigene102578	0.441733333333333	0.00546666666666667	0	0.0182333333333333
Unigene263035	0	0.720466666666667	0	0
Unigene198244	0	1.31143333333333	0	0
Unigene623893	0	0	0.560366666666667	0
Unigene371090	0	0.221633333333333	0.0231	0
Unigene1044674	0	0	0.1776	4.38376666666667
Unigene349270	0.259066666666667	10.2229	0	0
Unigene188644	0.042	0.9198	0	0
Unigene1125792	0	0	0	21.9438
Unigene907216	0	0	0	5.38133333333333
Unigene1108043	0	0	0	2.55923333333333
Unigene1036300	0	0.0191333333333333	0	20.2709666666667
Unigene29411	16.0792333333333	0.0109	0	0
Unigene71160	10.1229	0.186233333333333	0.0348333333333333	0.201633333333333
Unigene354917	0.191166666666667	0.241566666666667	0.363166666666667	0.0633666666666667
Unigene954870	0	0	0	23.6307
Unigene128110	0.584266666666667	0.00553333333333333	0.0325333333333333	0
Unigene877562	0	0	0	2.38583333333333
Unigene332294	0.00513333333333333	0.455766666666667	0	0
Unigene76745	0.8767	0.890366666666667	0	0
Unigene100408	7.60686666666667	1.3748	9.86456666666667	11.6648
Unigene983161	0	0.194033333333333	0	3.42953333333333
Unigene155169	0.208766666666667	6.09903333333333	0	0.0595333333333333
Unigene318175	0	0.7519	0	0
Unigene1044491	0	0	0	10.3858
Unigene56387	0.831433333333333	1.2838	0	0
Unigene999439	0	0	0	3.33833333333333
Unigene1164007	0	0	0	7.4402
Unigene141359	0.224333333333333	0.0185	0	0
Unigene1231820	0	0	0	0.938733333333333
Unigene19596	2.0248	1.07763333333333	7.77463333333333	11.1854
Unigene51955	9.74403333333333	0.1747	0.0940333333333333	0.0392666666666667
Unigene304282	0	0.560666666666667	0	0
Unigene1011762	0	0.0056	0	1.8196
Unigene400366	0.00713333333333333	0.271966666666667	0	0
Unigene224623	0	1.01093333333333	0	0
Unigene401849	0	39.4065	0.817033333333333	2.90316666666667
Unigene30964	13.4806333333333	0	0	0
Unigene344100	0.0655666666666667	0.2052	0.2827	0.137
Unigene960241	0	0	0	16.4481333333333
Unigene640193	0	0	8.6861	0.0989
Unigene881074	0	0	0	5.7037
Unigene1129156	0	0	0	6.9648
Unigene1219304	0	0	0.0661333333333333	2.0132
Unigene1049181	0	0	0	18.9895
Unigene292650	0	1.64206666666667	0	0
Unigene967133	0	0	0	22.0996666666667
Unigene343481	0.0179333333333333	8.17943333333333	0	0.0201333333333333
Unigene198274	0	0.200666666666667	0	0
Unigene271847	0	0.2146	0	0
Unigene292991	0.162266666666667	1.06966666666667	0.127433333333333	0.0431666666666667
Unigene156439	0.247566666666667	0.0367666666666667	0.0238	0
Unigene133719	0.5449	0.0998	0.0475333333333333	0.1415
Unigene214756	0.0361	0.879333333333333	0	0
Unigene1099731	0	0	0	0.964366666666667
Unigene1049536	0	0	0	20.6414666666667
Unigene1061500	0.00723333333333333	0	0	1.72393333333333
Unigene1016832	0	0	0	0.8916
Unigene48309	14.4666333333333	31.5856333333333	16.8855666666667	0.720066666666667
Unigene137618	0.4668	0.0112	0.0285333333333333	4.24876666666667
Unigene949944	0	0	0	1.1111
Unigene90264	1.031	0	0	0
Unigene888266	0.0036	0	0	3.01206666666667
Unigene893943	0	0	0	3.20286666666667
Unigene587549	0.102666666666667	0	115.349333333333	0
Unigene887764	0	0	0	19.7807666666667
Unigene228959	0.0335333333333333	0.2633	0	0
Unigene1300715	0	0	0	1.1583
Unigene422395	0	0.181133333333333	0	0.0638
Unigene1136017	0	0	0	2.9541
Unigene345910	0	0.861666666666667	0	0
Unigene138763	0.293733333333333	0.0123	0	0
Unigene206246	0	2.19043333333333	0	0
Unigene573174	0	0.173766666666667	0	0
Unigene988504	0.0109	0	0	7.49136666666667
Unigene135958	0.462	0.0345	0.0551666666666667	0.0204333333333333
Unigene217664	0.177633333333333	1.64156666666667	0.0240333333333333	0.0394666666666667
Unigene285235	0	0.547666666666667	0	5.9514
Unigene351407	0	0.676933333333333	0	0
Unigene1119428	0	0	0	14.7108333333333
Unigene780688	0.0475333333333333	0	1.43556666666667	5.03876666666667
Unigene141591	0.5147	0.00566666666666667	0.105966666666667	3.71313333333333
Unigene1024142	0	0.1022	0	3.9505
Unigene68973	1.0849	1.09696666666667	0.00463333333333333	0
Unigene320311	0	0.732366666666667	0	0
Unigene910691	0	4.16436666666667	0	2.53263333333333
Unigene686049	0	0	2.71453333333333	0
Unigene21122	65.5961666666667	0.103	0	0.0205333333333333
Unigene457541	0	0.3477	0.251466666666667	0
Unigene337237	0.1861	2.04476666666667	0.175766666666667	0.0924333333333333
Unigene420028	0.0146666666666667	2.37116666666667	0.0386333333333333	0
Unigene190906	0.00533333333333333	0.5119	0	2.13603333333333
Unigene221731	0.0807333333333333	0.327066666666667	0	0.320333333333333
Unigene82064	14.3423666666667	0.1808	0.0193	0.1147
Unigene934668	0	0	0	11.0839666666667
Unigene782006	0	0	1.27406666666667	0
Unigene320017	0.0900666666666667	0.2778	0.419066666666667	0.197166666666667
Unigene330592	0	1.16683333333333	0	0
Unigene716554	0.0380666666666667	0	6.73013333333333	0.0117666666666667
Unigene893447	0	0	0	3.0163
Unigene1271675	0	0	0.0681	0.805733333333333
Unigene1000465	0	0	0	21.0009666666667
Unigene420140	0.0110333333333333	2.22903333333333	0.0922333333333333	0
Unigene1116194	0	0	0	0.929866666666667
Unigene1380109	0	0.00576666666666667	0	1.04436666666667
Unigene212940	0.0331333333333333	8.09453333333333	0	0
Unigene1117426	0	0	0	1.5442
Unigene244483	0	1.34163333333333	0	0
Unigene1277835	0	0	0	0.9518
Unigene1002097	0.0147666666666667	0.0067	0.542166666666667	3.78363333333333
Unigene225695	0.0258333333333333	8.28206666666667	0	2.8543
Unigene638522	0	0	7.60603333333333	0.199566666666667
Unigene1064758	0	0	0	4.09546666666667
Unigene133699	0.184833333333333	6.91653333333333	0	0.0193
Unigene1370087	0	0	0	1.55706666666667
Unigene632421	0	0	5.13383333333333	0
Unigene911655	0	0	0.00973333333333333	3.74586666666667
Unigene1350222	0	0	0.0439333333333333	2.96123333333333
Unigene1043314	0	0	0	0.555833333333333
Unigene1274473	0	0	0	0.8279
Unigene1018783	0	0	0	6.60946666666667
Unigene210706	0.0825666666666667	1.96256666666667	0.00976666666666667	0
Unigene918266	0	0	0.1345	4.5657
Unigene1049031	0	0	0	3.49596666666667
Unigene359115	0	11.5194666666667	0	0
Unigene372387	0	48.1026333333333	1.0564	3.30656666666667
Unigene273254	0.156133333333333	1.1727	0.0195666666666667	4.22426666666667
Unigene1214852	0	0	0	1.14366666666667
Unigene213346	0	4.42833333333333	0	0
Unigene27921	0.454866666666667	0.485166666666667	6.49493333333333	1.28323333333333
Unigene298841	0.00743333333333333	10.2124	0	0
Unigene1105415	0	0	0.181366666666667	3.30693333333333
Unigene125385	0.3853	0	0	0.0209
Unigene956123	0	0	0	4.8366
Unigene927563	0	0	0	2.29546666666667
Unigene156554	0.311166666666667	0.0058	0	0
Unigene542566	0.0398333333333333	0.5581	0.0987333333333333	0
Unigene589434	0.104466666666667	0	127.781233333333	0
Unigene19152	6.48243333333333	31.8764333333333	0	0
Unigene1198321	0	0	0	0.875766666666667
Unigene583218	0	0.0175666666666667	7.31903333333333	0
Unigene384418	0.0112	0.495666666666667	0.0246666666666667	0
Unigene934535	0	0	0	5.2848
Unigene11557	3.4929	44.7542	86.5529	0
Unigene196032	0.0336333333333333	13.5781666666667	0	0
Unigene894114	0	2.87733333333333	0	4.50256666666667
Unigene673447	0	0.0348333333333333	2.55923333333333	0
Unigene871201	0	0	0.451533333333333	3.5868
Unigene386210	0.015	1.72056666666667	0	0
Unigene1232406	0	0.0698	0	3.25903333333333
Unigene235572	0.123733333333333	5.71066666666667	0.0544	0
Unigene1174514	0.0218	0.0136666666666667	0	4.5993
Unigene415076	0.213533333333333	0.620566666666667	35.1364333333333	0
Unigene70442	2.35596666666667	61.9377333333333	0.505533333333333	0
Unigene39665	217.1221	56.0387333333333	0	1.07456666666667
Unigene777394	0.0526333333333333	0	1.8107	10.5267
Unigene169480	2.86926666666667	5.98223333333333	45.3513333333333	0.315
Unigene91957	0.3253	0.1118	0.0322	0.110866666666667
Unigene29662	304.592866666667	92.2869666666667	0	1.5931
Unigene1054810	0	0.0555666666666667	0	1.27173333333333
Unigene152737	2.32313333333333	0.0571	0.154166666666667	0.612433333333333
Unigene201316	0	4.27093333333333	0	0
Unigene44368	352.3584	181.440633333333	0.0458666666666667	2.18856666666667
Unigene194883	0.0151333333333333	0.700466666666667	0	0
Unigene401598	0.859633333333333	1.03893333333333	0	0
Unigene375415	0	36.3818	0.840733333333333	2.49583333333333
Unigene958379	0	0.00293333333333333	0	12.7802333333333
Unigene389808	0.156833333333333	0.2499	0	0
Unigene904675	0	0	0	1.13306666666667
Unigene512298	0	0.171666666666667	0.0500666666666667	0.143133333333333
Unigene144454	0.271533333333333	0.0539	0	0
Unigene991256	0.0076	0	0.573633333333333	5.4013
Unigene1158993	0	0	0	3.49993333333333
Unigene191299	0.00763333333333333	11.7306333333333	0	0
Unigene236782	0.0187	0.394333333333333	0	0
Unigene222673	0	0.499233333333333	0	0
Unigene1233187	0	0	0	1.7532
Unigene1336490	0	0	0	1.03273333333333
Unigene1211041	0	0	0.0100333333333333	3.07163333333333
Unigene1072808	0	0	0	10.8392333333333
Unigene252982	0	0.609566666666667	0	0
Unigene1189856	0	0	0	1.4867
Unigene390257	0.00553333333333333	0.4037	0	0
Unigene22289	15.5594	14.0460333333333	0	0.137
Unigene320788	0	0.198366666666667	0	0
Unigene296927	0.0166333333333333	1.77626666666667	0	0
Unigene325858	0	1.23333333333333	0	0
Unigene1171332	0	0	0	23.7160333333333
Unigene152517	0.274633333333333	0.0129666666666667	0.0289666666666667	0
Unigene112810	1.73016666666667	0.1192	0.4697	0.832933333333333
Unigene1063663	0	0.204166666666667	0.254966666666667	10.5231
Unigene1209712	0	0	0	0.8127
Unigene330677	0	1.13473333333333	0	0
Unigene21299	4.76206666666667	80.7752	138.005133333333	0.0691666666666667
Unigene1035703	0	0.0035	0.0126666666666667	8.75143333333333
Unigene416216	0.0209666666666667	0.429866666666667	0	0
Unigene1346552	0	0.0119333333333333	0	1.45656666666667
Unigene1113850	0	0	0	1.5218
Unigene187807	0.0692666666666667	11.4777333333333	0	0
Unigene337196	0.0223	0.5582	0	0.110933333333333
Unigene272143	0.0402	6.15076666666667	0	0.172666666666667
Unigene74155	0.623966666666667	0.7838	0.9154	0
Unigene916600	0	0	0	11.7076
Unigene139226	0.644733333333333	0.00596666666666667	0.0254333333333333	4.549
Unigene503439	0	0.2587	0	0
Unigene399548	0.0919333333333333	0.326966666666667	0.00486666666666667	0
Unigene938063	0	5.5382	0	3.3793
Unigene466173	0	0.208633333333333	0	0
Unigene473269	0	0.2152	0	0
Unigene88773	2.92393333333333	0.0119666666666667	0	0
Unigene300104	0	0.481966666666667	0	0
Unigene286224	0.0833	1.16836666666667	0	0.0247333333333333
Unigene886825	0.147066666666667	0	1.4018	12.8061
Unigene1078475	0	8.17956666666667	0	4.60756666666667
Unigene56204	0.681033333333333	1.03846666666667	0	0
Unigene222118	0.00563333333333333	0.1925	0	0
Unigene404981	0	0.202766666666667	0	0
Unigene237340	0.1713	1.27863333333333	0.0868	0.0776333333333333
Unigene220453	0.157533333333333	4.76973333333333	0.0612333333333333	0
Unigene357778	0	0.957566666666667	0	2.3436
Unigene225470	0	0.859233333333333	0	0
Unigene47360	0.2576	0	0	0
Unigene114821	0.899866666666667	0.0394666666666667	0.120466666666667	0.540266666666667
Unigene999839	0	0	0	2.73596666666667
Unigene393333	0.0999333333333333	0.2403	0	0
Unigene209217	0	0.272566666666667	0	0
Unigene1202608	0	0	0	1.79473333333333
Unigene559270	0	0.199866666666667	0.0103	0
Unigene269504	0	1.13206666666667	0	0
Unigene204073	0	0.8291	0	0
Unigene108721	0.203633333333333	0.0303666666666667	0	1.00406666666667
Unigene143114	0.1648	1.5844	0	0
Unigene329198	0.0568	1.22443333333333	0	0
Unigene1345507	0	0	0	1.04203333333333
Unigene46800	26.6239333333333	98.9924	48.1214333333333	0.044
Unigene73041	0.724166666666667	0.880866666666667	0.00993333333333333	1.1707
Unigene156202	0.8466	0	0	0
Unigene1340368	0	0	0	1.92503333333333
Unigene875307	0	0.118833333333333	0	3.6797
Unigene18109	6.56433333333333	0.3802	0.290366666666667	9.29196666666667
Unigene195957	0.0442333333333333	2.0377	0.0956	0
Unigene232603	0	1.23513333333333	0	0
Unigene47087	0.5454	0.507566666666667	6.414	0
Unigene328697	0	1.66396666666667	0	0
Unigene324017	0.00786666666666667	0.5952	0	0
Unigene230708	0	0.553666666666667	0	0
Unigene354108	0	1.5113	0	0
Unigene330910	0	0.214133333333333	0	1.09246666666667
Unigene930355	0	0	0	3.24006666666667
Unigene1287469	0	0	0	1.2572
Unigene910416	0	0	0	5.63353333333333
Unigene192974	0.0552666666666667	0.3171	0.289166666666667	0.211566666666667
Unigene347430	0	0.1389	0	0.0540666666666667
Unigene963535	0	0	0	2.3555
Unigene64188	7.4397	0.172866666666667	0	0
Unigene310504	0.0532	3.8616	0.0521666666666667	0
Unigene126984	0.738633333333333	0.918366666666667	0	0.0126666666666667
Unigene304063	0	0.202833333333333	0	0
Unigene292207	0	0.840233333333333	0	0
Unigene802847	0	0.0031	0.966933333333333	0
Unigene1113471	0	0	0.0209333333333333	0.692166666666667
Unigene1027320	0	0.141566666666667	0	3.57516666666667
Unigene934444	0	0	0.0524	3.3861
Unigene1280826	0	0.0031	0	1.54223333333333
Unigene934147	0	7.6325	0	5.16263333333333
Unigene1084425	0	0	0	0.824766666666667
Unigene65727	1.9027	0.09	0.136266666666667	0.570066666666667
Unigene1042233	0	0	0	1.79036666666667
Unigene169938	0.552433333333333	0	0	0
Unigene967066	0	0	0	1.0369
Unigene348733	0.0925	0.2479	0.107466666666667	0.0207666666666667
Unigene1033553	0	0	0	2.6197
Unigene1139520	0	0.00623333333333333	0.0209666666666667	1.5732
Unigene369026	0.0749333333333333	0.343033333333333	0	0
Unigene1275630	0	0	0	1.1195
Unigene954263	0	0	0	4.4167
Unigene196119	0	2.17536666666667	0	0
Unigene1022119	0	0	0	10.4705666666667
Unigene995696	0	0	0	2.9793
Unigene516466	0.0572	0.260433333333333	0.160466666666667	0.0336
Unigene995940	0	0	0	2.31666666666667
Unigene835946	0	0.0469	1.43923333333333	0
Unigene49941	7.9554	39.8347333333333	0	0.0104333333333333
Unigene150159	0.372266666666667	0	0	0
Unigene199103	0.0360333333333333	0.1117	0	0.353933333333333
Unigene1311145	0	0	0	0.9801
Unigene689871	0	0.0125666666666667	3.13346666666667	0
Unigene66828	0.6915	0.9066	0.0363	1.1271
Unigene87420	0.541466666666667	0	0	0
Unigene158769	0.6165	0.0531	0	0.0965
Unigene1000413	0	0	0	21.7995666666667
Unigene64182	7.17823333333333	0.1028	0	0.0876
Unigene339743	0	1.4307	0	0
Unigene921609	0	0	0	14.2289333333333
Unigene156504	0.339666666666667	0	0	0.0786666666666667
Unigene25755	368.7152	190.097366666667	0.0051	2.27596666666667
Unigene411111	0.0396333333333333	0.3389	0.0212666666666667	0
Unigene259204	0	0.291466666666667	0	0
Unigene56999	5.923	0.0440333333333333	0	0.0584333333333333
Unigene402665	0.0917333333333333	0.3132	0	0
Unigene498464	0	0.172833333333333	0	0
Unigene1207371	0	0.00743333333333333	0	3.29163333333333
Unigene129805	0.577733333333333	3.53216666666667	2.03666666666667	29.1807333333333
Unigene3757	13.0972	12.3631666666667	0.0428333333333333	0.102766666666667
Unigene132299	0.3865	0.00316666666666667	0.0214	3.0329
Unigene1132868	0	0	0	2.13576666666667
Unigene1309180	0	0	0	2.63013333333333
Unigene1039629	0	0	0	1.25026666666667
Unigene177394	0.00816666666666667	0.939033333333333	0	0.0260666666666667
Unigene1223274	0	0	0	1.151
